1,81
2,36
3,41
4,136
5,89
6,72
7,74
8,94
9,47
10,48
11,86
12,138
13,95
14,39
15,88
16,55
17,100
18,45
19,39
20,28
21,132
22,121
23,42
24,82
25,105
26,40
27,100
28,101
29,32
30,100
31,122
32,32
33,127
34,92
35,63
36,44
37,55
38,95
39,69
40,83
41,40
42,99
43,131
44,71
45,69
46,130
47,86
48,69
49,94
50,137
51,87
52,60
53,119
54,112
55,26
56,30
57,92
58,53
59,135
60,43
61,115
62,78
63,25
64,120
65,97
66,70
67,128
68,87
69,115
70,139
71,30
72,121
73,50
74,41
75,112
76,91
77,106
78,20
79,23
80,75
81,88
82,20
83,130
84,39
85,131
86,41
87,115
88,26
89,76
90,39
91,55
92,65
93,34
94,20
95,36
96,26
97,86
98,72
99,89
100,100
101,92
102,71
103,80
104,78
105,88
106,133
107,96
108,107
109,126
110,23
111,119
112,105
113,87
114,118
115,64
116,85
117,85
118,54
119,87
120,118
121,90
122,21
123,95
124,132
125,56
126,103
127,124
128,67
129,88
130,36
131,42
132,64
133,137
134,39
135,84
136,113
137,133
138,89
139,100
140,123
141,80
142,72
143,40
144,49
145,20
146,134
147,21
148,67
149,110
150,94
151,134
152,31
153,139
154,71
155,70
156,31
157,115
158,45
159,96
160,120
161,39
162,50
163,130
164,102
165,31
166,50
167,29
168,52
169,69
170,106
171,20
172,71
173,36
174,106
175,85
176,62
177,41
178,134
179,109
180,36
181,27
182,139
183,94
184,23
185,132
186,68
187,73
188,111
189,100
190,74
191,134
192,49
193,67
194,69
195,135
196,91
197,105
198,21
199,64
200,62
201,96
202,23
203,129
204,105
205,89
206,39
207,35
208,58
209,138
210,129
211,29
212,85
213,107
214,95
215,42
216,33
217,64
218,121
219,105
220,39
221,38
222,89
223,102
224,32
225,57
226,138
227,124
228,25
229,136
230,107
231,93
232,129
233,78
234,98
235,77
236,49
237,57
238,38
239,33
240,68
241,64
242,28
243,68
244,136
245,44
246,134
247,117
248,119
249,27
250,42
251,61
252,93
253,66
254,50
255,44
256,37
257,134
258,117
259,39
260,63
261,117
262,67
263,68
264,41
265,127
266,125
267,66
268,50
269,67
270,130
271,34
272,116
273,131
274,50
275,73
276,96
277,136
278,75
279,95
280,49
281,21
282,53
283,93
284,53
285,87
286,56
287,134
288,63
289,136
290,129
291,93
292,95
293,99
294,72
295,38
296,28
297,50
298,115
299,80
300,67
301,31
302,96
303,125
304,53
305,45
306,117
307,44
308,72
309,89
310,25
311,52
312,29
313,140
314,46
315,57
316,66
317,30
318,37
319,126
320,87
321,136
322,46
323,119
324,74
325,82
326,74
327,91
328,27
329,72
330,136
331,135
332,113
333,120
334,81
335,62
336,32
337,126
338,59
339,123
340,83
341,26
342,70
343,103
344,125
345,52
346,53
347,123
348,49
349,23
350,21
351,20
352,60
353,138
354,102
355,128
356,95
357,45
358,124
359,110
360,125
361,138
362,82
363,96
364,71
365,71
366,130
367,97
368,22
369,91
370,24
371,41
372,22
373,57
374,31
375,122
376,66
377,75
378,96
379,90
380,55
381,29
382,68
383,104
384,22
385,58
386,54
387,99
388,78
389,26
390,93
391,103
392,75
393,46
394,107
395,120
396,28
397,79
398,36
399,65
400,109
401,84
402,65
403,58
404,136
405,53
406,103
407,29
408,73
409,140
410,22
411,125
412,47
413,54
414,96
415,107
416,113
417,30
418,90
419,134
420,120
421,83
422,118
423,74
424,23
425,85
426,87
427,98
428,22
429,52
430,29
431,34
432,92
433,95
434,40
435,34
436,122
437,132
438,34
439,124
440,32
441,118
442,130
443,124
444,120
445,85
446,49
447,133
448,117
449,117
450,131
451,89
452,89
453,43
454,22
455,96
456,114
457,56
458,88
459,25
460,56
461,47
462,42
463,80
464,133
465,91
466,132
467,87
468,30
469,87
470,78
471,50
472,106
473,58
474,86
475,83
476,80
477,84
478,136
479,20
480,34
481,79
482,68
483,83
484,118
485,134
486,33
487,22
488,107
489,49
490,56
491,106
492,71
493,56
494,113
495,59
496,110
497,138
498,61
499,117
500,128
501,94
502,55
503,101
504,129
505,96
506,31
507,110
508,25
509,81
510,110
511,124
512,69
513,118
514,58
515,44
516,88
517,58
518,23
519,115
520,65
521,123
522,58
523,140
524,29
525,119
526,135
527,34
528,61
529,87
530,111
531,109
532,38
533,52
534,42
535,33
536,137
537,54
538,27
539,52
540,132
541,29
542,132
543,77
544,37
545,130
546,59
547,134
548,100
549,36
550,137
551,83
552,22
553,50
554,94
555,130
556,27
557,122
558,46
559,50
560,72
561,54
562,41
563,52
564,140
565,86
566,32
567,34
568,56
569,130
570,31
571,40
572,100
573,70
574,133
575,56
576,119
577,100
578,89
579,70
580,43
581,55
582,130
583,131
584,108
585,51
586,81
587,90
588,113
589,121
590,113
591,82
592,27
593,96
594,23
595,39
596,24
597,111
598,58
599,136
600,106
601,59
602,123
603,34
604,96
605,45
606,114
607,45
608,116
609,63
610,46
611,74
612,69
613,62
614,106
615,57
616,124
617,72
618,120
619,23
620,105
621,31
622,54
623,111
624,72
625,92
626,72
627,31
628,49
629,119
630,132
631,98
632,119
633,27
634,72
635,122
636,122
637,51
638,57
639,77
640,28
641,93
642,52
643,47
644,63
645,42
646,110
647,118
648,84
649,28
650,74
651,124
652,59
653,98
654,112
655,133
656,127
657,75
658,72
659,135
660,83
661,83
662,95
663,120
664,116
665,47
666,114
667,66
668,135
669,120
670,94
671,126
672,34
673,86
674,126
675,79
676,42
677,99
678,88
679,43
680,138
681,107
682,60
683,97
684,84
685,121
686,98
687,64
688,39
689,132
690,120
691,129
692,117
693,134
694,57
695,121
696,24
697,81
698,115
699,135
700,121
701,97
702,109
703,99
704,31
705,106
706,39
707,24
708,116
709,124
710,120
711,101
712,40
713,61
714,116
715,132
716,72
717,37
718,37
719,49
720,127
721,112
722,92
723,29
724,36
725,22
726,99
727,53
728,40
729,73
730,34
731,119
732,121
733,130
734,88
735,33
736,43
737,117
738,70
739,116
740,71
741,140
742,103
743,35
744,65
745,91
746,84
747,50
748,38
749,73
750,56
751,93
752,73
753,30
754,65
755,105
756,62
757,107
758,126
759,137
760,47
761,77
762,43
763,77
764,54
765,138
766,122
767,125
768,58
769,126
770,33
771,46
772,34
773,123
774,87
775,74
776,76
777,131
778,49
779,77
780,67
781,113
782,26
783,56
784,20
785,79
786,84
787,45
788,81
789,52
790,77
791,27
792,107
793,69
794,25
795,115
796,49
797,93
798,70
799,66
800,126
801,84
802,55
803,40
804,97
805,95
806,89
807,101
808,25
809,35
810,57
811,140
812,54
813,135
814,133
815,109
816,32
817,36
818,53
819,88
820,117
821,94
822,124
823,105
824,81
825,120
826,62
827,68
828,126
829,139
830,113
831,48
832,53
833,61
834,94
835,66
836,27
837,70
838,105
839,79
840,95
841,23
842,75
843,56
844,57
845,76
846,121
847,79
848,78
849,39
850,121
851,112
852,55
853,92
854,133
855,107
856,100
857,109
858,82
859,55
860,51
861,36
862,103
863,117
864,35
865,135
866,53
867,36
868,39
869,59
870,112
871,109
872,118
873,120
874,90
875,122
876,61
877,38
878,58
879,139
880,109
881,139
882,88
883,82
884,89
885,36
886,123
887,73
888,93
889,79
890,81
891,73
892,98
893,43
894,55
895,32
896,49
897,77
898,124
899,113
900,106
901,97
902,60
903,129
904,69
905,69
906,22
907,135
908,44
909,63
910,104
911,137
912,86
913,33
914,32
915,73
916,78
917,123
918,54
919,55
920,100
921,120
922,80
923,45
924,69
925,115
926,56
927,83
928,131
929,138
930,112
931,130
932,57
933,65
934,28
935,55
936,94
937,108
938,90
939,89
940,95
941,98
942,101
943,32
944,56
945,102
946,96
947,29
948,112
949,110
950,60
951,111
952,50
953,140
954,113
955,59
956,137
957,73
958,27
959,55
960,83
961,92
962,50
963,101
964,107
965,133
966,135
967,39
968,42
969,101
970,54
971,33
972,26
973,122
974,58
975,115
976,117
977,115
978,63
979,100
980,108
981,38
982,30
983,120
984,20
985,69
986,51
987,35
988,109
989,128
990,96
991,93
992,118
993,80
994,100
995,43
996,138
997,53
998,56
999,115
1000,21
