1,60
2,112
3,32
4,83
5,40
6,28
7,48
8,86
9,113
10,132
11,135
12,72
13,46
14,124
15,42
16,43
17,118
18,124
19,119
20,25
21,105
22,35
23,63
24,29
25,58
26,80
27,82
28,61
29,71
30,25
31,47
32,57
33,71
34,115
35,66
36,100
37,129
38,63
39,118
40,67
41,48
42,83
43,48
44,77
45,69
46,97
47,87
48,45
49,123
50,89
51,75
52,104
53,131
54,94
55,64
56,98
57,108
58,115
59,42
60,21
61,98
62,23
63,132
64,34
65,112
66,45
67,33
68,73
69,110
70,67
71,133
72,114
73,57
74,64
75,36
76,70
77,71
78,22
79,126
80,70
81,126
82,115
83,73
84,94
85,115
86,35
87,24
88,140
89,64
90,64
91,89
92,58
93,46
94,93
95,37
96,81
97,113
98,64
99,45
100,78
101,96
102,108
103,75
104,120
105,36
106,88
107,56
108,81
109,24
110,72
111,112
112,61
113,71
114,95
115,77
116,78
117,37
118,88
119,79
120,25
121,121
122,65
123,38
124,68
125,47
126,103
127,99
128,94
129,138
130,54
131,115
132,55
133,62
134,130
135,126
136,82
137,95
138,30
139,67
140,96
141,117
142,38
143,115
144,110
145,108
146,101
147,98
148,137
149,128
150,130
151,26
152,64
153,39
154,74
155,78
156,88
157,54
158,76
159,131
160,79
161,55
162,101
163,73
164,99
165,138
166,60
167,44
168,27
169,132
170,75
171,42
172,82
173,98
174,38
175,25
176,90
177,24
178,61
179,97
180,24
181,88
182,110
183,135
184,136
185,23
186,27
187,39
188,43
189,75
190,123
191,119
192,59
193,128
194,55
195,31
196,48
197,112
198,123
199,90
200,94
201,135
202,56
203,120
204,115
205,70
206,52
207,88
208,110
209,28
210,129
211,121
212,52
213,45
214,135
215,103
216,101
217,47
218,66
219,114
220,32
221,107
222,35
223,132
224,48
225,40
226,70
227,139
228,118
229,50
230,90
231,31
232,129
233,112
234,118
235,139
236,79
237,50
238,53
239,101
240,34
241,67
242,88
243,28
244,73
245,139
246,118
247,98
248,125
249,135
250,43
251,128
252,88
253,59
254,88
255,108
256,79
257,20
258,105
259,138
260,69
261,22
262,111
263,105
264,44
265,49
266,75
267,71
268,101
269,126
270,69
271,140
272,97
273,117
274,45
275,88
276,52
277,76
278,20
279,91
280,87
281,73
282,122
283,75
284,44
285,28
286,60
287,112
288,129
289,112
290,85
291,51
292,121
293,42
294,62
295,70
296,127
297,87
298,38
299,49
300,118
301,74
302,62
303,22
304,109
305,115
306,33
307,37
308,27
309,83
310,56
311,40
312,137
313,74
314,34
315,108
316,113
317,25
318,122
319,99
320,39
321,65
322,23
323,123
324,56
325,140
326,121
327,41
328,117
329,133
330,93
331,73
332,107
333,121
334,114
335,126
336,34
337,124
338,115
339,65
340,105
341,122
342,134
343,121
344,74
345,24
346,96
347,46
348,31
349,139
350,79
351,111
352,83
353,106
354,125
355,73
356,76
357,50
358,65
359,34
360,139
361,36
362,64
363,124
364,26
365,133
366,119
367,117
368,26
369,137
370,29
371,46
372,29
373,47
374,38
375,44
376,23
377,97
378,38
379,139
380,29
381,40
382,74
383,50
384,95
385,72
386,48
387,112
388,113
389,121
390,34
391,137
392,27
393,46
394,73
395,140
396,122
397,98
398,25
399,70
400,130
401,32
402,78
403,134
404,132
405,60
406,94
407,94
408,31
409,111
410,98
411,119
412,43
413,82
414,110
415,109
416,90
417,85
418,104
419,84
420,105
421,92
422,39
423,122
424,70
425,111
426,20
427,111
428,96
429,53
430,78
431,58
432,138
433,118
434,69
435,38
436,64
437,138
438,82
439,96
440,93
441,51
442,97
443,98
444,78
445,111
446,38
447,57
448,95
449,21
450,58
451,136
452,111
453,128
454,119
455,66
456,40
457,22
458,42
459,88
460,71
461,42
462,119
463,87
464,64
465,47
466,136
467,51
468,129
469,70
470,99
471,82
472,82
473,65
474,79
475,43
476,123
477,63
478,131
479,50
480,87
481,136
482,56
483,73
484,98
485,127
486,45
487,97
488,54
489,72
490,41
491,96
492,99
493,129
494,110
495,94
496,84
497,60
498,125
499,53
500,74
